576
30
6
9
23
22
2
16
12
3
22
23
27
23
22
8
23
19
7
3
24
7
25
23
16
15
11
30
11
26
11
22
22
10
31
15
8
18
26
30
12
15
2
24
13
22
17
23
18
31
5
29
8
29
25
29
20
2
2
27
16
18
20
26
20
4
7
6
19
10
18
1
22
3
15
26
25
18
25
19
27
21
6
6
5
15
29
30
13
27
23
24
6
11
9
8
23
25
9
14
21
21
11
11
25
29
25
12
25
30
5
9
26
28
11
7
30
22
20
13
31
6
4
1
8
27
6
1
10
19
8
11
18
1
2
14
24
23
18
23
18
25
20
18
7
1
20
19
11
11
12
18
2
13
30
7
25
5
22
6
31
24
20
1
29
25
6
17
14
8
9
7
20
15
25
15
8
24
1
13
6
11
28
28
8
4
20
4
27
30
8
18
6
23
19
23
1
13
18
21
5
18
8
2
11
8
19
29
31
13
21
14
6
15
8
18
17
10
8
12
24
30
8
21
22
29
6
15
6
18
10
1
26
9
13
4
1
29
13
13
2
7
4
28
23
5
3
22
29
4
11
12
13
30
24
12
12
4
22
30
11
29
26
23
11
31
2
16
3
12
5
13
22
11
9
7
27
4
24
9
8
20
21
9
22
16
21
30
6
25
9
10
7
31
14
5
2
12
26
29
20
23
7
18
16
28
3
11
29
7
14
19
6
14
11
2
18
17
14
27
3
31
16
12
13
9
8
26
16
23
6
22
2
8
27
1
31
11
26
11
10
14
12
2
26
27
28
23
28
29
17
22
27
29
4
5
5
18
6
9
11
26
19
16
13
9
7
7
20
29
18
31
30
18
14
1
15
14
13
11
31
18
22
29
12
1
4
7
28
14
7
19
26
27
7
14
15
2
25
30
18
17
15
31
4
16
15
29
28
1
17
28
6
31
22
18
8
17
11
9
10
6
27
5
3
27
29
23
14
15
30
4
1
28
11
24
7
7
9
5
29
1
23
14
30
2
13
3
8
19
7
20
2
28
1
18
2
6
3
17
20
17
18
15
15
17
9
31
30
28
19
18
30
31
3
1
16
23
14
1
4
30
27
31
15
5
27
5
1
26
1
5
17
4
14
26
17
11
15
17
26
26
21
9
22
27
15
18
1
10
15
25
2
6
8
12
3
8
3
22
9
11
16
3
30
6
7
17
24
22
25
9
27
20
9
6
15
17
18
1
21
31
9
8
11
13
20
15
9
6
7
19
5
5
28
25
31
12
15
31
25
14
5
30
23
20
8
15
3
13
3
11
6
10
15
11
31
